1.490600000000000085e-02 5.008619503151281549e+01
1.611613793103448475e-02 4.693303263547689141e+01
1.732627586206896692e-02 4.431569180246543027e+01
1.853641379310344908e-02 4.209509538611037982e+01
1.974655172413793125e-02 4.080457303849225781e+01
2.095668965517241689e-02 3.907773425859824101e+01
2.216682758620689558e-02 3.742607347291331621e+01
2.337696551724138122e-02 3.627249871030269190e+01
2.458710344827586339e-02 3.489528883470013909e+01
2.579724137931034555e-02 3.373536578444792866e+01
2.700737931034483119e-02 3.258991362759813626e+01
2.821751724137930989e-02 3.153096735886067137e+01
2.942765517241379553e-02 3.058048298132331411e+01
3.063779310344827422e-02 2.974713032361600185e+01
3.184793103448275986e-02 2.897547028424678217e+01
3.305806896551724550e-02 2.824129129303121388e+01
3.426820689655172419e-02 2.743747754885323076e+01
3.547834482758620983e-02 2.685498739697525750e+01
3.668848275862068853e-02 2.608555295997119572e+01
3.789862068965517417e-02 2.537575144167238861e+01
3.910875862068965980e-02 2.481716058171086203e+01
4.031889655172413850e-02 2.415963544896781556e+01
4.152903448275862414e-02 2.351229539209637664e+01
4.273917241379310283e-02 2.290048836882059291e+01
4.394931034482758847e-02 2.230167414187149433e+01
4.515944827586207411e-02 2.164103945997577938e+01
4.636958620689655280e-02 2.105009489873886253e+01
4.757972413793103844e-02 2.051970206956445963e+01
4.878986206896552408e-02 1.997732647470112965e+01
5.000000000000000278e-02 1.932923662539355902e+01
