1.490600000000000085e-02 1.439586794496402078e+01
2.387475862068965879e-02 2.179560310527331168e+01
3.284351724137931500e-02 2.951711453546350583e+01
4.181227586206897467e-02 3.574654421491522527e+01
5.078103448275863435e-02 3.873052186280956022e+01
5.974979310344829403e-02 3.788654796615693243e+01
6.871855172413794677e-02 3.666856465919912011e+01
7.768731034482760645e-02 3.430094654160833301e+01
8.665606896551726612e-02 3.127530478797563518e+01
9.562482758620692580e-02 2.735957437294239725e+01
1.045935862068965855e-01 2.310669456300095348e+01
1.135623448275862452e-01 1.927543248544205667e+01
1.225311034482758910e-01 1.537748899249842616e+01
1.314998620689655506e-01 1.217379000157567503e+01
1.404686206896552103e-01 9.703856655414673682e+00
1.494373793103448700e-01 7.659719771197287308e+00
1.584061379310345297e-01 5.894864105454654002e+00
1.673748965517241893e-01 4.461692009521980751e+00
1.763436551724138490e-01 3.155027201905053591e+00
1.853124137931035087e-01 2.072720567350414100e+00
1.942811724137931684e-01 1.183747367333053635e+00
2.032499310344828281e-01 4.168489882521400069e-01
2.122186896551724877e-01 -2.060687017212149696e-01
2.211874482758621474e-01 -7.143137338519489621e-01
2.301562068965517793e-01 -1.116161738559463767e+00
2.391249655172414390e-01 -1.436087181179019234e+00
2.480937241379310987e-01 -1.694484607501524742e+00
2.570624827586207584e-01 -1.932067288609238487e+00
2.660312413793103903e-01 -2.162254943253844264e+00
2.750000000000000777e-01 -2.476826823181886184e+00
