1.490600000000000085e-02 4.804299739113347556e+01
1.956441379310345022e-02 5.450898807667426382e+01
2.422282758620689785e-02 5.800022798753128939e+01
2.888124137931034896e-02 5.886257045918222275e+01
3.353965517241380007e-02 5.578439440603140298e+01
3.819806896551725117e-02 5.196796803321593217e+01
4.285648275862069534e-02 4.700597439986739801e+01
4.751489655172414645e-02 4.077189963779694892e+01
5.217331034482759755e-02 3.524804242692111700e+01
5.683172413793104866e-02 3.080430650359561540e+01
6.149013793103449976e-02 2.714431186362546811e+01
6.614855172413794393e-02 2.398708344848245133e+01
7.080696551724138810e-02 2.143720196812408929e+01
7.546537931034484614e-02 1.891804280195726662e+01
8.012379310344829031e-02 1.665500228883912825e+01
8.478220689655174835e-02 1.473343831269263049e+01
8.944062068965519252e-02 1.276456510061207084e+01
9.409903448275863669e-02 1.105986429057221976e+01
9.875744827586209473e-02 9.429006808160362851e+00
1.034158620689655389e-01 7.965657533912184896e+00
1.080742758620689969e-01 6.463973106233543930e+00
1.127326896551724411e-01 5.177410721261412441e+00
1.173911034482758853e-01 3.905998718674256409e+00
1.220495172413793433e-01 2.769591468152607483e+00
1.267079310344827736e-01 1.654866424569216843e+00
1.313663448275862178e-01 5.819131699547482883e-01
1.360247586206896897e-01 -4.597490993378837154e-01
1.406831724137931339e-01 -1.486775833906617050e+00
1.453415862068965780e-01 -2.526656750983234723e+00
1.500000000000000222e-01 -3.559211232703166417e+00
