1.490600000000000085e-02 1.125023901376098934e+01
2.473682758620690189e-02 1.765390545250848575e+01
3.456765517241380120e-02 2.391380919251774628e+01
4.439848275862070398e-02 2.984675878349434086e+01
5.422931034482760676e-02 3.381506186407591485e+01
6.406013793103450260e-02 3.428761459769661712e+01
7.389096551724140538e-02 3.364922757565184952e+01
8.372179310344830816e-02 3.153104960305242344e+01
9.355262068965521094e-02 2.864376386692062226e+01
1.033834482758621137e-01 2.549973682150183407e+01
1.132142758620690165e-01 2.185316383552245867e+01
1.230451034482759193e-01 1.814033484467428181e+01
1.328759310344828082e-01 1.460821828104593401e+01
1.427067586206897110e-01 1.163861301462959119e+01
1.525375862068966137e-01 9.150132421052585840e+00
1.623684137931035165e-01 7.083051256004881502e+00
1.721992413793104193e-01 5.322133888486978215e+00
1.820300689655173221e-01 3.817194146149992307e+00
1.918608965517242249e-01 2.670330833721743069e+00
2.016917241379311276e-01 1.687639919552548884e+00
2.115225517241380304e-01 8.552484737078693833e-01
2.213533793103449332e-01 2.104834911600165226e-01
2.311842068965518360e-01 -2.945757225472361851e-01
2.410150344827587388e-01 -6.847389161143881964e-01
2.508458620689655860e-01 -9.539477789339457781e-01
2.606766896551724888e-01 -1.168219920978810888e+00
2.705075172413793916e-01 -1.316390248802079777e+00
2.803383448275862944e-01 -1.451783830812980680e+00
2.901691724137931971e-01 -1.603101113011312417e+00
3.000000000000000999e-01 -1.859431037139238629e+00
