1.490600000000000085e-02 2.385387395963026513e+00
2.990924137931034663e-02 3.964516425075751638e+00
4.491248275862069067e-02 5.780746168850520839e+00
5.991572413793103818e-02 7.673966043733216225e+00
7.491896551724137876e-02 1.000937303172193360e+01
8.992220689655172627e-02 1.227597947252349364e+01
1.049254482758620738e-01 1.359297419436021137e+01
1.199286896551724213e-01 1.435266645620092163e+01
1.349319310344827549e-01 1.441094370160121407e+01
1.499351724137931163e-01 1.403701041284603868e+01
1.649384137931034500e-01 1.345057840323149456e+01
1.799416551724138114e-01 1.289773368427106881e+01
1.949448965517241450e-01 1.114362204471853168e+01
2.099481379310345064e-01 8.954823812189205867e+00
2.249513793103448400e-01 6.743256919615517653e+00
2.399546206896552014e-01 4.562044265866937565e+00
2.549578620689655351e-01 2.886494681087053760e+00
2.699611034482758409e-01 1.705255214327367153e+00
2.849643448275862023e-01 9.338250241464488566e-01
2.999675862068965637e-01 4.269523819377284424e-01
3.149708275862068696e-01 1.071640033352896093e-01
3.299740689655172310e-01 -6.572279901846202199e-02
3.449773103448275924e-01 -1.543622236278772708e-01
3.599805517241379538e-01 -1.950885719515969285e-01
3.749837931034482597e-01 -2.165137341179616259e-01
3.899870344827586210e-01 -2.397178672891358553e-01
4.049902758620689824e-01 -2.682632241031994713e-01
4.199935172413792883e-01 -3.221257908073347220e-01
4.349967586206896497e-01 -4.256025168368522960e-01
4.500000000000000111e-01 -6.386140451487390957e-01
