1.490600000000000085e-02 6.493532379685845513e+01
1.697820689655172438e-02 6.174969148849275058e+01
1.905041379310344965e-02 5.687249640531612016e+01
2.112262068965517492e-02 5.150704929484550121e+01
2.319482758620689672e-02 4.650838710316008928e+01
2.526703448275862546e-02 4.212001595827859290e+01
2.733924137931034726e-02 3.900413820474985727e+01
2.941144827586206906e-02 3.649479346271422031e+01
3.148365517241379780e-02 3.393675935329652305e+01
3.355586206896551960e-02 3.212420901678787999e+01
3.562806896551724833e-02 3.042448783506090493e+01
3.770027586206897013e-02 2.887633571227884843e+01
3.977248275862069193e-02 2.748850948450418130e+01
4.184468965517242067e-02 2.604547017626959970e+01
4.391689655172414247e-02 2.481085836812880530e+01
4.598910344827586427e-02 2.375113253432438754e+01
4.806131034482759301e-02 2.258783974685292506e+01
5.013351724137931481e-02 2.140479536982262587e+01
5.220572413793104355e-02 2.042954962630057381e+01
5.427793103448276535e-02 1.935033050840927515e+01
5.635013793103449409e-02 1.835943329179709238e+01
5.842234482758621589e-02 1.737413092934234982e+01
6.049455172413793769e-02 1.644274710651566096e+01
6.256675862068966643e-02 1.542342138093619752e+01
6.463896551724138129e-02 1.454045108112841866e+01
6.671117241379311003e-02 1.358231335833000664e+01
6.878337931034483876e-02 1.268829252103234495e+01
7.085558620689655362e-02 1.184974824839480512e+01
7.292779310344828236e-02 1.098447793473831702e+01
7.500000000000001110e-02 1.012921270494501336e+01
