1.490600000000000085e-02 8.645919506389969200e+00
2.559889655172414152e-02 1.421529159914858553e+01
3.629179310344828047e-02 1.954654727356692234e+01
4.698468965517242635e-02 2.489001643841252331e+01
5.767758620689656529e-02 2.900009325182871933e+01
6.837048275862070423e-02 3.039118948729129954e+01
7.906337931034485011e-02 2.999508042530773011e+01
8.975627586206898212e-02 2.864162710295894598e+01
1.004491724137931280e-01 2.638209738302726137e+01
1.111420689655172739e-01 2.348985025366610913e+01
1.218349655172414059e-01 2.057902633680190974e+01
1.325278620689655518e-01 1.712588251231014524e+01
1.432207586206896976e-01 1.388970472859463889e+01
1.539136551724138435e-01 1.111707959054769468e+01
1.646065517241379617e-01 8.608855681733581733e+00
1.752994482758621075e-01 6.430162305346271090e+00
1.859923448275862534e-01 4.766424037054520113e+00
1.966852413793103993e-01 3.390016771708193044e+00
2.073781379310345452e-01 2.273352849028297040e+00
2.180710344827586633e-01 1.327499599714621725e+00
2.287639310344828092e-01 6.172069561130907323e-01
2.394568275862069551e-01 7.615268937379179870e-02
2.501497241379310732e-01 -3.179890737270608114e-01
2.608426206896552468e-01 -5.895360817484932570e-01
2.715355172413793650e-01 -7.757931354611353747e-01
2.822284137931034831e-01 -8.984705241728523362e-01
2.929213103448276567e-01 -9.899989584219863747e-01
3.036142068965517749e-01 -1.082828993890557090e+00
3.143071034482758930e-01 -1.198660958256608788e+00
3.250000000000000666e-01 -1.399278176996294754e+00
