1.490600000000000085e-02 1.849395526683366597e+01
2.301268965517241569e-02 2.737488737990499388e+01
3.111937931034482879e-02 3.573414535448014107e+01
3.922606896551724537e-02 4.131631265993201652e+01
4.733275862068966194e-02 4.276544414997478327e+01
5.543944827586207852e-02 4.187488047790439083e+01
6.354613793103448816e-02 3.972820577536966624e+01
7.165282758620690473e-02 3.681322833756504309e+01
7.975951724137932131e-02 3.265754813360963027e+01
8.786620689655173788e-02 2.894396410671001618e+01
9.597289655172415446e-02 2.418791104928770963e+01
1.040795862068965710e-01 2.001461012146847551e+01
1.121862758620689737e-01 1.634558966105786126e+01
1.202929655172413903e-01 1.323115084309589307e+01
1.283996551724138069e-01 1.066808181546521972e+01
1.365063448275862235e-01 8.384732168106157957e+00
1.446130344827586400e-01 6.684071957405214093e+00
1.527197241379310566e-01 5.053547649613631343e+00
1.608264137931034732e-01 3.792583011986961683e+00
1.689331034482758898e-01 2.635858314038319605e+00
1.770397931034483063e-01 1.643041509754286755e+00
1.851464827586207229e-01 7.532255631597410961e-01
1.932531724137931395e-01 -4.616702858639801926e-03
2.013598620689655561e-01 -6.484609610667021462e-01
2.094665517241379449e-01 -1.216110847063035738e+00
2.175732413793103615e-01 -1.692274334527523516e+00
2.256799310344827780e-01 -2.115202966451653399e+00
2.337866206896551946e-01 -2.461070835363825537e+00
2.418933103448276112e-01 -2.811900527527243288e+00
2.500000000000000555e-01 -3.240385094569284252e+00
