1.490600000000000085e-02 3.887152519439239029e+01
2.042648275862068985e-02 4.868753199729166425e+01
2.594696551724138406e-02 5.286925238855467057e+01
3.146744827586207133e-02 5.482606399676991060e+01
3.698793103448276554e-02 5.417767608439412186e+01
4.250841379310345280e-02 5.076756431770059663e+01
4.802889655172414701e-02 4.673373904088335706e+01
5.354937931034484122e-02 4.083269222152937061e+01
5.906986206896552849e-02 3.593365839483131907e+01
6.459034482758621576e-02 3.088058416988456045e+01
7.011082758620690303e-02 2.648424307585681348e+01
7.563131034482760418e-02 2.291913116752774826e+01
8.115179310344829144e-02 1.997330846660154435e+01
8.667227586206897871e-02 1.742371597421319862e+01
9.219275862068967986e-02 1.477471635857495436e+01
9.771324137931036713e-02 1.257644173439078195e+01
1.032337241379310544e-01 1.062035344520606550e+01
1.087542068965517417e-01 8.890798243852941596e+00
1.142746896551724289e-01 7.267691836978448450e+00
1.197951724137931301e-01 5.851583824158836933e+00
1.253156551724138035e-01 4.498966875765921358e+00
1.308361379310344907e-01 3.230161960146588296e+00
1.363566206896552058e-01 2.138233566986775358e+00
1.418771034482758930e-01 1.077057216820854535e+00
1.473975862068965803e-01 7.153200819181844416e-02
1.529180689655172676e-01 -8.857066365189731894e-01
1.584385517241379548e-01 -1.834562209985036274e+00
1.639590344827586421e-01 -2.762910182119947766e+00
1.694795172413793571e-01 -3.699298475446813228e+00
1.750000000000000444e-01 -4.665969346246868987e+00
