1.490600000000000085e-02 6.307499289226188210e+01
1.784027586206896748e-02 6.472959936497706224e+01
2.077455172413793238e-02 6.350953044090002209e+01
2.370882758620689729e-02 6.061942968653555397e+01
2.664310344827586566e-02 5.369087748769550217e+01
2.957737931034483403e-02 4.760789376205336509e+01
3.251165517241379893e-02 4.217427758550668671e+01
3.544593103448276383e-02 3.769794013052064940e+01
3.838020689655172873e-02 3.408603330349480132e+01
4.131448275862069364e-02 3.121558012579941987e+01
4.424875862068966548e-02 2.900079487837984615e+01
4.718303448275863038e-02 2.688626249175538518e+01
5.011731034482759528e-02 2.479267837439404332e+01
5.305158620689656018e-02 2.323958083181898004e+01
5.598586206896553202e-02 2.145473862122684494e+01
5.892013793103449693e-02 1.987439186026022142e+01
6.185441379310346183e-02 1.864349008854531320e+01
6.478868965517242673e-02 1.721166640396983993e+01
6.772296551724138469e-02 1.579721958110501490e+01
7.065724137931035653e-02 1.458447676285846484e+01
7.359151724137932837e-02 1.328806948866326287e+01
7.652579310344828634e-02 1.211436284612374870e+01
7.946006896551725818e-02 1.096202082198809435e+01
8.239434482758623002e-02 9.764180678989317741e+00
8.532862068965518798e-02 8.653107194062569008e+00
8.826289655172415982e-02 7.561999608420475916e+00
9.119717241379311778e-02 6.435401937739174905e+00
9.413144827586208963e-02 5.389859918844559949e+00
9.706572413793106147e-02 4.379694333612271784e+00
1.000000000000000194e-01 3.305713887145050212e+00
