1.490600000000000085e-02 3.974395606671017767e+00
2.818510344827587083e-02 7.117100925811048917e+00
4.146420689655173908e-02 9.692891328039340948e+00
5.474331034482760733e-02 1.269812091181187519e+01
6.802241379310347558e-02 1.603314236151509675e+01
8.130151724137935076e-02 1.849283005461193952e+01
9.458062068965521207e-02 1.959792012251159932e+01
1.078597241379310734e-01 1.929260488979714694e+01
1.211388275862069486e-01 1.878387988576282908e+01
1.344179310344828238e-01 1.748588539179547041e+01
1.476970344827586989e-01 1.619672260713320711e+01
1.609761379310345464e-01 1.448516118952552389e+01
1.742552413793104216e-01 1.210413854782726695e+01
1.875343448275862968e-01 9.711012232125240118e+00
2.008134482758621442e-01 7.254318114331787193e+00
2.140925517241380194e-01 5.145220040162417519e+00
2.273716551724138946e-01 3.537595650186683205e+00
2.406507586206897698e-01 2.265827875814481196e+00
2.539298620689656172e-01 1.321771702354281874e+00
2.672089655172414924e-01 6.671210695091857046e-01
2.804880689655173676e-01 2.157755918047100652e-01
2.937671724137931872e-01 -6.151400412554956787e-02
3.070462758620690624e-01 -2.254505455648014023e-01
3.203253793103449376e-01 -3.139891076587683627e-01
3.336044827586208128e-01 -3.608389993471121104e-01
3.468835862068966880e-01 -3.941540498188023101e-01
3.601626896551725632e-01 -4.188531864907619195e-01
3.734417931034484384e-01 -4.786439938675964290e-01
3.867208965517242580e-01 -5.802103023604598953e-01
4.000000000000001332e-01 -7.973598511095570940e-01
