1.490600000000000085e-02 3.133059249898939580e+00
2.904717241379310699e-02 5.469875666694199445e+00
4.318834482758621141e-02 7.568890381690011715e+00
5.732951724137931582e-02 9.786902781418506336e+00
7.147068965517242023e-02 1.265090019057299386e+01
8.561186206896552464e-02 1.516989871520295630e+01
9.975303448275862905e-02 1.642719214374149317e+01
1.138942068965517335e-01 1.691282315225757316e+01
1.280353793103448379e-01 1.659574192355002964e+01
1.421765517241379284e-01 1.594865844260772292e+01
1.563177241379310467e-01 1.482861581890038316e+01
1.704588965517241650e-01 1.340793180008560270e+01
1.846000689655172555e-01 1.161467636150576688e+01
1.987412413793103461e-01 9.452886974893923266e+00
2.128824137931034644e-01 6.927199805274146804e+00
2.270235862068965826e-01 4.827008709203678194e+00
2.411647586206896732e-01 3.214754630848767558e+00
2.553059310344827360e-01 2.000399963893140232e+00
2.694471034482758265e-01 1.120037696723404919e+00
2.835882758620689725e-01 5.259399641471919074e-01
2.977294482758620631e-01 1.514676135104945365e-01
3.118706206896551536e-01 -6.797208440604404767e-02
3.260117931034482996e-01 -1.865198382607777816e-01
3.401529655172413902e-01 -2.456933979275345847e-01
3.542941379310344807e-01 -2.799897071363307566e-01
3.684353103448275712e-01 -3.039070419794084321e-01
3.825764827586206618e-01 -3.303340590619161521e-01
3.967176551724138078e-01 -3.871544015840366337e-01
4.108588275862068984e-01 -4.986738661291028607e-01
4.249999999999999889e-01 -7.105187372276986491e-01
