1.490600000000000085e-02 3.069810156824578229e+01
2.128855172413793295e-02 4.102052524442169812e+01
2.767110344827586679e-02 4.786488075747307391e+01
3.405365517241380063e-02 5.056895988710541445e+01
4.043620689655173100e-02 5.073234748453154452e+01
4.681875862068966831e-02 4.828731954161190743e+01
5.320131034482759869e-02 4.476971988224484278e+01
5.958386206896553600e-02 4.055384401719925336e+01
6.596641379310345943e-02 3.555434510703873485e+01
7.234896551724138980e-02 3.046294358895633181e+01
7.873151724137933405e-02 2.553070823592349470e+01
8.511406896551726442e-02 2.210069396373127049e+01
9.149662068965519479e-02 1.854415920671012330e+01
9.787917241379312516e-02 1.572831626397683102e+01
1.042617241379310694e-01 1.320430826529182511e+01
1.106442758620689998e-01 1.092034533898236859e+01
1.170268275862069302e-01 8.919405036024295796e+00
1.234093793103448605e-01 7.196031869042727180e+00
1.297919310344827770e-01 5.714455108627509716e+00
1.361744827586207351e-01 4.333734354150617030e+00
1.425570344827586655e-01 3.144320912439603433e+00
1.489395862068965959e-01 2.026313060838472513e+00
1.553221379310345263e-01 1.032206795963088064e+00
1.617046896551724566e-01 1.041104124212159782e-01
1.680872413793103870e-01 -7.748201984357432348e-01
1.744697931034483174e-01 -1.588977448980076312e+00
1.808523448275862477e-01 -2.365672434245178035e+00
1.872348965517242059e-01 -3.123376104457046054e+00
1.936174482758621362e-01 -3.855298237931434446e+00
2.000000000000000666e-01 -4.657996393839915150e+00
