1.490600000000000085e-02 5.664150015526062987e+01
1.870234482758620712e-02 6.064913893751816687e+01
2.249868965517241512e-02 6.252385929342891302e+01
2.629503448275862312e-02 6.078401768851033893e+01
3.009137931034483113e-02 5.712771117299651280e+01
3.388772413793103566e-02 5.116426566821508715e+01
3.768406896551724367e-02 4.509867756490598367e+01
4.148041379310345167e-02 3.964469198458709798e+01
4.527675862068965967e-02 3.480615771396538349e+01
4.907310344827586768e-02 3.087771429783346022e+01
5.286944827586207568e-02 2.794484063336228630e+01
5.666579310344828369e-02 2.530533481749939639e+01
6.046213793103449169e-02 2.302005449007344851e+01
6.425848275862069969e-02 2.081294903075574609e+01
6.805482758620690076e-02 1.873339450054048072e+01
7.185117241379311570e-02 1.708797093824365732e+01
7.564751724137931677e-02 1.539038861547645531e+01
7.944386206896553171e-02 1.370082862122211687e+01
8.324020689655173277e-02 1.232779016387137361e+01
8.703655172413794772e-02 1.080830271272773935e+01
9.083289655172414878e-02 9.428276771036502524e+00
9.462924137931036372e-02 8.018195025647360197e+00
9.842558620689656479e-02 6.749949063067480104e+00
1.022219310344827797e-01 5.486374286162009284e+00
1.060182758620689808e-01 4.338010099231264682e+00
1.098146206896551957e-01 3.210132208347958649e+00
1.136109655172413968e-01 2.116181988343793119e+00
1.174073103448276117e-01 1.045777725238313804e+00
1.212036551724138128e-01 -1.520716365312194812e-02
1.250000000000000278e-01 -1.079339382701530292e+00
