1.490600000000000085e-02 6.952708667899291761e+00
2.646096551724138463e-02 1.166278594343244457e+01
3.801593103448276667e-02 1.560845875679243555e+01
4.957089655172415565e-02 1.991483755857342786e+01
6.112586206896553770e-02 2.417157259970169392e+01
7.268082758620691974e-02 2.615472341535781098e+01
8.423579310344830873e-02 2.641883708591556967e+01
9.579075862068968383e-02 2.526974873060830262e+01
1.073457241379310728e-01 2.376004741190898173e+01
1.189006896551724618e-01 2.141404934050281739e+01
1.304556551724138369e-01 1.874396070308840834e+01
1.420106206896552259e-01 1.589709565552543680e+01
1.535655862068966149e-01 1.349060634492230548e+01
1.651205517241380039e-01 1.038948728264570676e+01
1.766755172413793651e-01 7.993176891402679729e+00
1.882304827586207541e-01 6.021646168678276290e+00
1.997854482758621431e-01 4.359208005592372537e+00
2.113404137931035320e-01 2.978570399541964342e+00
2.228953793103449210e-01 1.905016471033994074e+00
2.344503448275862822e-01 1.045559414351906913e+00
2.460053103448276712e-01 4.405796016204319709e-01
2.575602758620690325e-01 -2.636780036474934644e-03
2.691152413793104214e-01 -3.034891247440787421e-01
2.806702068965518104e-01 -4.884164756475325442e-01
2.922251724137931994e-01 -6.071197347308977532e-01
3.037801379310345884e-01 -6.771575603170080226e-01
3.153351034482759774e-01 -7.376700830315710000e-01
3.268900689655173109e-01 -8.018363320573250741e-01
3.384450344827586998e-01 -9.091807482422358255e-01
3.500000000000000888e-01 -1.101290704377611673e+00
