1.490600000000000085e-02 2.348210443995158059e+01
2.215062068965517605e-02 3.394081838712990162e+01
2.939524137931034953e-02 4.239847975635437649e+01
3.663986206896552300e-02 4.620174897621443932e+01
4.388448275862069647e-02 4.699506824899736301e+01
5.112910344827587689e-02 4.528288931940475948e+01
5.837372413793105036e-02 4.308088637503810503e+01
6.561834482758621689e-02 3.878947654034754322e+01
7.286296551724139037e-02 3.433253307270028643e+01
8.010758620689657772e-02 2.976823056310886884e+01
8.735220689655175119e-02 2.499155327756539791e+01
9.459682758620692467e-02 2.106547424864060858e+01
1.018414482758620981e-01 1.741794369802168063e+01
1.090860689655172716e-01 1.446458986554313242e+01
1.163306896551724451e-01 1.166752486262260113e+01
1.235753103448276186e-01 9.583662928994053587e+00
1.308199310344827782e-01 7.578953394467671245e+00
1.380645517241379516e-01 6.015435247876186331e+00
1.453091724137931529e-01 4.554278467653818829e+00
1.525537931034483263e-01 3.363783858661568260e+00
1.597984137931034998e-01 2.239211435570281239e+00
1.670430344827586733e-01 1.256914594239293193e+00
1.742876551724138467e-01 3.773824037289837396e-01
1.815322758620690202e-01 -4.200058961163873339e-01
1.887768965517241937e-01 -1.132367347093847343e+00
1.960215172413793672e-01 -1.799706474217272367e+00
2.032661379310345406e-01 -2.390065063994385230e+00
2.105107586206897141e-01 -2.939804933769634143e+00
2.177553793103448876e-01 -3.496842476108842135e+00
2.250000000000000611e-01 -4.019479616772204444e+00
