1.490600000000000085e-02 5.346078412343377551e+00
2.732303448275862773e-02 9.056029554388999259e+00
3.974006896551725287e-02 1.240828050227100654e+01
5.215710344827587802e-02 1.603230897714606229e+01
6.457413793103450317e-02 1.997698683337423731e+01
7.699117241379312138e-02 2.194202322430957608e+01
8.940820689655175346e-02 2.283466339142056256e+01
1.018252413793103717e-01 2.223197008556901011e+01
1.142422758620690038e-01 2.088545705280689191e+01
1.266593103448276358e-01 1.975496736179784207e+01
1.390763448275862402e-01 1.766850973229426458e+01
1.514933793103448723e-01 1.505259804946340196e+01
1.639104137931035043e-01 1.283679391871834952e+01
1.763274482758621364e-01 1.017493077864790330e+01
1.887444827586207408e-01 7.668984286349106227e+00
2.011615172413793728e-01 5.643590483566393701e+00
2.135785517241380049e-01 3.876658010965055023e+00
2.259955862068966370e-01 2.582943929022539109e+00
2.384126206896552691e-01 1.588024436547844642e+00
2.508296551724138457e-01 8.347236128267673250e-01
2.632466896551725055e-01 3.160934447167936812e-01
2.756637241379311098e-01 -4.323144575548164281e-02
2.880807586206897142e-01 -2.638260058994553736e-01
3.004977931034483740e-01 -3.940399992016173081e-01
3.129148275862069783e-01 -4.658881696861090216e-01
3.253318620689655827e-01 -5.148757588311720923e-01
3.377488965517242425e-01 -5.478998826961009039e-01
3.501659310344828469e-01 -6.038350124712918987e-01
3.625829655172414512e-01 -7.078308344228493310e-01
3.750000000000001110e-01 -9.175993010723957344e-01
