1.490600000000000085e-02 2.035645542901803537e+02
1.784027586206896748e-02 2.063389718944130777e+02
2.077455172413793238e-02 2.003389678695597524e+02
2.370882758620689729e-02 1.896256636186688525e+02
2.664310344827586566e-02 1.672655147673568194e+02
2.957737931034483403e-02 1.481380997725013628e+02
3.251165517241379893e-02 1.313641925517819118e+02
3.544593103448276383e-02 1.177279822834540823e+02
3.838020689655172873e-02 1.068042614364748459e+02
4.131448275862069364e-02 9.823328560432352674e+01
4.424875862068966548e-02 9.170813847376260242e+01
4.718303448275863038e-02 8.566866957114646652e+01
5.011731034482759528e-02 7.972709354203891507e+01
5.305158620689656018e-02 7.555534721685920374e+01
5.598586206896553202e-02 7.070643106745389161e+01
5.892013793103449693e-02 6.653887251543345371e+01
6.185441379310346183e-02 6.357888310483382810e+01
6.478868965517242673e-02 6.000165541546619608e+01
6.772296551724138469e-02 5.650567475487457614e+01
7.065724137931035653e-02 5.374910550641200047e+01
7.359151724137932837e-02 5.071234211574378747e+01
7.652579310344828634e-02 4.816244902306949172e+01
7.946006896551725818e-02 4.571099302629456673e+01
8.239434482758623002e-02 4.309004667542250644e+01
8.532862068965518798e-02 4.084203129275492472e+01
8.826289655172415982e-02 3.869362357029329047e+01
9.119717241379311778e-02 3.635809571690341357e+01
9.413144827586208963e-02 3.440255347682822418e+01
9.706572413793106147e-02 3.270808017226383413e+01
1.000000000000000194e-01 3.050487804056012564e+01
