1.490600000000000085e-02 4.869877843789479499e+01
2.559889655172414152e-02 7.875280489699700581e+01
3.629179310344828047e-02 1.064519459107633850e+02
4.698468965517242635e-02 1.334505416843225589e+02
5.767758620689656529e-02 1.527367311779977115e+02
6.837048275862070423e-02 1.567277257668757784e+02
7.906337931034485011e-02 1.517951577105305603e+02
8.975627586206898212e-02 1.426403654603149391e+02
1.004491724137931280e-01 1.299367397304708049e+02
1.111420689655172739e-01 1.148365544511157168e+02
1.218349655172414059e-01 1.004785623225071163e+02
1.325278620689655518e-01 8.420308556815714951e+01
1.432207586206896976e-01 6.935408406552218707e+01
1.539136551724138435e-01 5.701845549197216201e+01
1.646065517241379617e-01 4.599061843882141432e+01
1.752994482758621075e-01 3.646134402983184941e+01
1.859923448275862534e-01 2.931236750943559599e+01
1.966852413793103993e-01 2.341368699876487369e+01
2.073781379310345452e-01 1.859885132023531185e+01
2.180710344827586633e-01 1.426370157556191032e+01
2.287639310344828092e-01 1.099413865370810406e+01
2.394568275862069551e-01 8.354134646344704151e+00
2.501497241379310732e-01 6.179161651360125518e+00
2.608426206896552468e-01 4.511126150192466433e+00
2.715355172413793650e-01 3.284305168026842914e+00
2.822284137931034831e-01 2.370499000514754151e+00
2.929213103448276567e-01 1.706664493583577080e+00
3.036142068965517749e-01 1.238379573361731989e+00
3.143071034482758930e-01 8.988093339852005759e-01
3.250000000000000666e-01 6.613065745664576944e-01
