1.490600000000000085e-02 8.381795817043864361e+01
2.301268965517241569e-02 1.226423383915363985e+02
3.111937931034482879e-02 1.581679928290998589e+02
3.922606896551724537e-02 1.801613169850924407e+02
4.733275862068966194e-02 1.834122965597789232e+02
5.543944827586207852e-02 1.768817735208195074e+02
6.354613793103448816e-02 1.657516446899237792e+02
7.165282758620690473e-02 1.522410334330748469e+02
7.975951724137932131e-02 1.344991261731336181e+02
8.786620689655173788e-02 1.191439270885271640e+02
9.597289655172415446e-02 1.002685553241982745e+02
1.040795862068965710e-01 8.406935322637959018e+01
1.121862758620689737e-01 7.012520808661199112e+01
1.202929655172413903e-01 5.846429149042206319e+01
1.283996551724138069e-01 4.903902664064816008e+01
1.365063448275862235e-01 4.069320950866161724e+01
1.446130344827586400e-01 3.482668764845508491e+01
1.527197241379310566e-01 2.902892629537803160e+01
1.608264137931034732e-01 2.488615940226134526e+01
1.689331034482758898e-01 2.102465602489088781e+01
1.770397931034483063e-01 1.784779518886769623e+01
1.851464827586207229e-01 1.478793571294850473e+01
1.932531724137931395e-01 1.242437374550491036e+01
2.013598620689655561e-01 1.003240008268214289e+01
2.094665517241379449e-01 8.313358385236163883e+00
2.175732413793103615e-01 6.732762446679144475e+00
2.256799310344827780e-01 5.428982866028213117e+00
2.337866206896551946e-01 4.269611825686545181e+00
2.418933103448276112e-01 3.363755646446599190e+00
2.500000000000000555e-01 2.665463627303382044e+00
