1.490600000000000085e-02 5.873432570633459449e+01
2.473682758620690189e-02 9.082797173709161598e+01
3.456765517241380120e-02 1.213432991012038258e+02
4.439848275862070398e-02 1.493184994558480412e+02
5.422931034482760676e-02 1.660635492146569163e+02
6.406013793103450260e-02 1.652175117795592030e+02
7.389096551724140538e-02 1.593199189884221880e+02
8.372179310344830816e-02 1.473796864211756770e+02
9.355262068965521094e-02 1.326378375424089882e+02
1.033834482758621137e-01 1.175032057845783697e+02
1.132142758620690165e-01 1.008783429573249606e+02
1.230451034482759193e-01 8.446497760450809267e+01
1.328759310344828082e-01 6.921648581363697872e+01
1.427067586206897110e-01 5.673425574057266374e+01
1.525375862068966137e-01 4.647198179510436944e+01
1.623684137931035165e-01 3.807447005098961057e+01
1.721992413793104193e-01 3.099885220952011977e+01
1.820300689655173221e-01 2.484107921631532889e+01
1.918608965517242249e-01 2.041065311487799860e+01
2.016917241379311276e-01 1.649121034546044129e+01
2.115225517241380304e-01 1.292676383347658842e+01
2.213533793103449332e-01 1.020611871237544754e+01
2.311842068965518360e-01 7.780373811033900466e+00
2.410150344827587388e-01 6.060744686469472065e+00
2.508458620689655860e-01 4.506708421866713721e+00
2.606766896551724888e-01 3.402394789093343253e+00
2.705075172413793916e-01 2.510256024702093747e+00
2.803383448275862944e-01 1.852507214181908335e+00
2.901691724137931971e-01 1.367161882979659682e+00
3.000000000000000999e-01 1.031201665090611952e+00
