1.490600000000000085e-02 1.466644830796657004e+02
2.042648275862068985e-02 1.811758161200588972e+02
2.594696551724138406e-02 1.940169759079415712e+02
3.146744827586207133e-02 1.984597211112129571e+02
3.698793103448276554e-02 1.938558937462640870e+02
4.250841379310345280e-02 1.799876106505687403e+02
4.802889655172414701e-02 1.646254580671770782e+02
5.354937931034484122e-02 1.435727261491972513e+02
5.906986206896552849e-02 1.265480646989514781e+02
6.459034482758621576e-02 1.094247784083919441e+02
7.011082758620690303e-02 9.488112247039765634e+01
7.563131034482760418e-02 8.335284173604509306e+01
8.115179310344829144e-02 7.408993539975742237e+01
8.667227586206897871e-02 6.626077643314003751e+01
9.219275862068967986e-02 5.807355722576995305e+01
9.771324137931036713e-02 5.150680590223778665e+01
1.032337241379310544e-01 4.580152099719794023e+01
1.087542068965517417e-01 4.087053910105242238e+01
1.142746896551724289e-01 3.630400431827801100e+01
1.197951724137931301e-01 3.254340127835771312e+01
1.253156551724138035e-01 2.893253975573884418e+01
1.308361379310344907e-01 2.548767866364255141e+01
1.363566206896552058e-01 2.306163052756541276e+01
1.418771034482758930e-01 2.057688230055067891e+01
1.473975862068965803e-01 1.834684382174019390e+01
1.529180689655172676e-01 1.629650454393039283e+01
1.584385517241379548e-01 1.472491111478209724e+01
1.639590344827586421e-01 1.310124887295595286e+01
1.694795172413793571e-01 1.163733842975291566e+01
1.750000000000000444e-01 1.031796554454864179e+01
