1.490600000000000085e-02 2.852200614041482041e+01
2.818510344827587083e-02 4.995254202974246738e+01
4.146420689655173908e-02 6.612781710231051591e+01
5.474331034482760733e-02 8.423331321061336041e+01
6.802241379310347558e-02 1.040522569261127472e+02
8.130151724137935076e-02 1.173221777623553663e+02
9.458062068965521207e-02 1.213239823637135402e+02
1.078597241379310734e-01 1.167959011337685808e+02
1.211388275862069486e-01 1.116373825981504240e+02
1.344179310344828238e-01 1.025566784134755380e+02
1.476970344827586989e-01 9.418467076731570842e+01
1.609761379310345464e-01 8.410416333609130390e+01
1.742552413793104216e-01 7.089525387287666547e+01
1.875343448275862968e-01 5.807301134745142690e+01
2.008134482758621442e-01 4.510414482143212922e+01
2.140925517241380194e-01 3.396596714921793136e+01
2.273716551724138946e-01 2.544711938071536750e+01
2.406507586206897698e-01 1.851964495244002151e+01
2.539298620689656172e-01 1.314088159945332457e+01
2.672089655172414924e-01 9.286289938978917746e+00
2.804880689655173676e-01 6.310090911737240127e+00
2.937671724137931872e-01 4.240541219167136333e+00
3.070462758620690624e-01 2.820580810475805222e+00
3.203253793103449376e-01 1.871678687777152739e+00
3.336044827586208128e-01 1.252334461975638469e+00
3.468835862068966880e-01 8.588292588320649568e-01
3.601626896551725632e-01 5.892152231072735891e-01
3.734417931034484384e-01 4.336669376123267194e-01
3.867208965517242580e-01 3.262453350907161265e-01
4.000000000000001332e-01 2.559130990087549740e-01
