1.490600000000000085e-02 9.979392432415215808e+01
2.215062068965517605e-02 1.425048283927159218e+02
2.939524137931034953e-02 1.756841345299944521e+02
3.663986206896552300e-02 1.887170673426297753e+02
4.388448275862069647e-02 1.891081537564862742e+02
5.112910344827587689e-02 1.798152224548484241e+02
5.837372413793105036e-02 1.692882501825106090e+02
6.561834482758621689e-02 1.514709771767913651e+02
7.286296551724139037e-02 1.337362822126989386e+02
8.010758620689657772e-02 1.162162743929228554e+02
8.735220689655175119e-02 9.846374557781156511e+01
9.459682758620692467e-02 8.421111105151388188e+01
1.018414482758620981e-01 7.116018145457962873e+01
1.090860689655172716e-01 6.079761125951317524e+01
1.163306896551724451e-01 5.102179802923212293e+01
1.235753103448276186e-01 4.403343148148918118e+01
1.308199310344827782e-01 3.723054062835490896e+01
1.380645517241379516e-01 3.226589561985749555e+01
1.453091724137931529e-01 2.752778756666126014e+01
1.525537931034483263e-01 2.399289440923399397e+01
1.597984137931034998e-01 2.052273477110275834e+01
1.670430344827586733e-01 1.765464875025832114e+01
1.742876551724138467e-01 1.516126179893453774e+01
1.815322758620690202e-01 1.288843350588284231e+01
1.887768965517241937e-01 1.089002259459777200e+01
1.960215172413793672e-01 9.279577285485832050e+00
2.032661379310345406e-01 7.716434480198319790e+00
2.105107586206897141e-01 6.382881073361867053e+00
2.177553793103448876e-01 5.273997070281036592e+00
2.250000000000000611e-01 4.259680435863936410e+00
