1.490600000000000085e-02 2.003038229406885478e+02
1.697820689655172438e-02 1.891669622490185816e+02
1.905041379310344965e-02 1.733073695049407092e+02
2.112262068965517492e-02 1.566763946536937340e+02
2.319482758620689672e-02 1.413811729287033927e+02
2.526703448275862546e-02 1.280588613610130437e+02
2.733924137931034726e-02 1.186209471620436204e+02
2.941144827586206906e-02 1.110329752076264214e+02
3.148365517241379780e-02 1.033485484739232021e+02
3.355586206896551960e-02 9.796696212810171289e+01
3.562806896551724833e-02 9.304435464277702295e+01
3.770027586206897013e-02 8.862408103449419627e+01
3.977248275862069193e-02 8.473747099118287451e+01
4.184468965517242067e-02 8.071489092872779736e+01
4.391689655172414247e-02 7.742312643563896302e+01
4.598910344827586427e-02 7.467020614160639980e+01
4.806131034482759301e-02 7.165420243233812414e+01
5.013351724137931481e-02 6.858236170653459851e+01
5.220572413793104355e-02 6.624073593141113747e+01
5.427793103448276535e-02 6.358475167657853433e+01
5.635013793103449409e-02 6.124281550263412299e+01
5.842234482758621589e-02 5.893974808915913144e+01
6.049455172413793769e-02 5.688030783011625147e+01
6.256675862068966643e-02 5.452806735256778126e+01
6.463896551724138129e-02 5.266790418986797562e+01
6.671117241379311003e-02 5.055874014237867442e+01
6.878337931034483876e-02 4.872882439491510098e+01
7.085558620689655362e-02 4.711108770117906630e+01
7.292779310344828236e-02 4.543734082432070664e+01
7.500000000000001110e-02 4.381861869618120409e+01
