1.490600000000000085e-02 2.450106473191556589e+01
2.904717241379310699e-02 4.164095390262247776e+01
4.318834482758621141e-02 5.575036060225605183e+01
5.732951724137931582e-02 6.985457220719793270e+01
7.147068965517242023e-02 8.805139651550688029e+01
8.561186206896552464e-02 1.030329245111815339e+02
9.975303448275862905e-02 1.087798034180308377e+02
1.138942068965517335e-01 1.092699101838811231e+02
1.280353793103448379e-01 1.050864625522488041e+02
1.421765517241379284e-01 9.930721556878057754e+01
1.563177241379310467e-01 9.142177012943673731e+01
1.704588965517241650e-01 8.234022226580724180e+01
1.846000689655172555e-01 7.183096849209091772e+01
1.987412413793103461e-01 5.945546729190980528e+01
2.128824137931034644e-01 4.525643125946346856e+01
2.270235862068965826e-01 3.346729152233442051e+01
2.411647586206896732e-01 2.431273477190450194e+01
2.553059310344827360e-01 1.723285108063716109e+01
2.694471034482758265e-01 1.182281659055692202e+01
2.835882758620689725e-01 7.910251628951593617e+00
2.977294482758620631e-01 5.190204836692572599e+00
3.118706206896551536e-01 3.372624389235030939e+00
3.260117931034482996e-01 2.168924249952996597e+00
3.401529655172413902e-01 1.396193988192743651e+00
3.542941379310344807e-01 9.306756156658317902e-01
3.684353103448275712e-01 6.345753745246721644e-01
3.825764827586206618e-01 4.441291715631925374e-01
3.967176551724138078e-01 3.318090820998851886e-01
4.108588275862068984e-01 2.609565311224980033e-01
4.249999999999999889e-01 2.051511231968886906e-01
