1.490600000000000085e-02 1.920206884418390700e+02
1.870234482758620712e-02 2.026928053700417536e+02
2.249868965517241512e-02 2.062653088734718096e+02
2.629503448275862312e-02 1.984383443615907936e+02
3.009137931034483113e-02 1.849911997882913965e+02
3.388772413793103566e-02 1.649956707014013091e+02
3.768406896551724367e-02 1.452939824956880273e+02
4.148041379310345167e-02 1.279542366603921266e+02
4.527675862068965967e-02 1.128408634531122914e+02
4.907310344827586768e-02 1.007446530851811275e+02
5.286944827586207568e-02 9.192416028921799409e+01
5.666579310344828369e-02 8.410566945684662699e+01
6.046213793103449169e-02 7.751236816008973562e+01
6.425848275862069969e-02 7.130431848393165239e+01
6.805482758620690076e-02 6.552168678648078526e+01
7.185117241379311570e-02 6.128772897215254289e+01
7.564751724137931677e-02 5.686069828323940811e+01
7.944386206896553171e-02 5.247454902069907945e+01
8.324020689655173277e-02 4.930951732781720409e+01
8.703655172413794772e-02 4.555366161437818562e+01
9.083289655172414878e-02 4.236693844394389430e+01
9.462924137931036372e-02 3.895409140291731376e+01
9.842558620689656479e-02 3.614963701865238477e+01
1.022219310344827797e-01 3.328027708860976475e+01
1.060182758620689808e-01 3.096411281044653663e+01
1.098146206896551957e-01 2.872890880479316777e+01
1.136109655172413968e-01 2.667350538686954664e+01
1.174073103448276117e-01 2.485047971589866478e+01
1.212036551724138128e-01 2.314177341359177120e+01
1.250000000000000278e-01 2.147675266349821399e+01
