1.490600000000000085e-02 1.715884218342290239e+02
1.956441379310345022e-02 1.918989603767423091e+02
2.422282758620689785e-02 2.013517718114066497e+02
2.888124137931034896e-02 2.018053334810610977e+02
3.353965517241380007e-02 1.894195508240868548e+02
3.819806896551725117e-02 1.751366690196560683e+02
4.285648275862069534e-02 1.577813521154984926e+02
4.751489655172414645e-02 1.369127469258675092e+02
5.217331034482759755e-02 1.188322943003003900e+02
5.683172413793104866e-02 1.045463577599488616e+02
6.149013793103449976e-02 9.303879757523340288e+01
6.614855172413794393e-02 8.335154813496706083e+01
7.080696551724138810e-02 7.576444341285260009e+01
7.546537931034484614e-02 6.831353309473071533e+01
8.012379310344829031e-02 6.182204198517868576e+01
8.478220689655174835e-02 5.653498196930054576e+01
8.944062068965519252e-02 5.105854378223884282e+01
9.409903448275863669e-02 4.655637892537823319e+01
9.875744827586209473e-02 4.227275824017184647e+01
1.034158620689655389e-01 3.863964347581578096e+01
1.080742758620689969e-01 3.468998201863717412e+01
1.127326896551724411e-01 3.167714272596963454e+01
1.173911034482758853e-01 2.857682724028885701e+01
1.220495172413793433e-01 2.625070565831430258e+01
1.267079310344827736e-01 2.385029540885400223e+01
1.313663448275862178e-01 2.177359273065411926e+01
1.360247586206896897e-01 1.967096906952331281e+01
1.406831724137931339e-01 1.798865040907080015e+01
1.453415862068965780e-01 1.647454951500710152e+01
1.500000000000000222e-01 1.493358714902351814e+01
