1.490600000000000085e-02 3.527969875475831429e+01
2.732303448275862773e-02 5.860087771395882328e+01
3.974006896551725287e-02 7.839882339850333892e+01
5.215710344827587802e-02 9.895289823414748298e+01
6.457413793103450317e-02 1.209035368763932468e+02
7.699117241379312138e-02 1.299177121388274543e+02
8.940820689655175346e-02 1.321980322221512836e+02
1.018252413793103717e-01 1.261183555166725796e+02
1.142422758620690038e-01 1.165562108788176801e+02
1.266593103448276358e-01 1.089233576499873379e+02
1.390763448275862402e-01 9.687397278176061377e+01
1.514933793103448723e-01 8.268500220284360580e+01
1.639104137931035043e-01 7.118817260174782291e+01
1.763274482758621364e-01 5.778123828535049000e+01
1.887444827586207408e-01 4.535886024766703883e+01
2.011615172413793728e-01 3.535539434491391830e+01
2.135785517241380049e-01 2.647971402460496648e+01
2.259955862068966370e-01 1.998964831561298539e+01
2.384126206896552691e-01 1.485785667533597376e+01
2.508296551724138457e-01 1.068732430856228177e+01
2.632466896551725055e-01 7.728559074837302312e+00
2.756637241379311098e-01 5.335159598587600804e+00
2.880807586206897142e-01 3.649963913492050072e+00
3.004977931034483740e-01 2.497056511527771860e+00
3.129148275862069783e-01 1.701487161079388688e+00
3.253318620689655827e-01 1.180787189823123029e+00
3.377488965517242425e-01 8.148473500893903543e-01
3.501659310344828469e-01 5.835611050119745569e-01
3.625829655172414512e-01 4.323103793095322556e-01
3.750000000000001110e-01 3.308234075116633366e-01
