1.490600000000000085e-02 4.233657888221376453e+01
2.646096551724138463e-02 6.969858767576911873e+01
3.801593103448276667e-02 9.147936878277819517e+01
4.957089655172415565e-02 1.145683547193170142e+02
6.112586206896553770e-02 1.364791097111476290e+02
7.268082758620691974e-02 1.445504537426649847e+02
8.423579310344830873e-02 1.429393208706230496e+02
9.579075862068968383e-02 1.342592015572275841e+02
1.073457241379310728e-01 1.244822351851672977e+02
1.189006896551724618e-01 1.111604323132107908e+02
1.304556551724138369e-01 9.698404298113383959e+01
1.420106206896552259e-01 8.265110531764727853e+01
1.535655862068966149e-01 7.094569511854150790e+01
1.651205517241380039e-01 5.609431769206473462e+01
1.766755172413793651e-01 4.492431619540723631e+01
1.882304827586207541e-01 3.589878577603949594e+01
1.997854482758621431e-01 2.827710538644037896e+01
2.113404137931035320e-01 2.177763637906961591e+01
2.228953793103449210e-01 1.669329861129696724e+01
2.344503448275862822e-01 1.231165855052799785e+01
2.460053103448276712e-01 9.201172680248872027e+00
2.575602758620690325e-01 6.573861886705359758e+00
2.691152413793104214e-01 4.826478423469827916e+00
2.806702068965518104e-01 3.356699411172872960e+00
2.922251724137931994e-01 2.366347219112278744e+00
3.037801379310345884e-01 1.652057673788580816e+00
3.153351034482759774e-01 1.172953409726676721e+00
3.268900689655173109e-01 8.368423753393160469e-01
3.384450344827586998e-01 6.105750063594159727e-01
3.500000000000000888e-01 4.512980199847486107e-01
