1.490600000000000085e-02 6.990172715442028561e+01
2.387475862068965879e-02 1.044421238707570012e+02
3.284351724137931500e-02 1.396512617598977783e+02
4.181227586206897467e-02 1.667943960284923435e+02
5.078103448275863435e-02 1.775622485322299440e+02
5.974979310344829403e-02 1.707416461970038029e+02
6.871855172413794677e-02 1.628580574990790808e+02
7.768731034482760645e-02 1.506447049668530269e+02
8.665606896551726612e-02 1.363154327093375855e+02
9.562482758620692580e-02 1.191011482850486374e+02
1.045935862068965855e-01 1.009956822392590681e+02
1.135623448275862452e-01 8.513272273923723787e+01
1.225311034482758910e-01 6.930706515949989921e+01
1.314998620689655506e-01 5.657033355212634262e+01
1.404686206896552103e-01 4.692050086272418952e+01
1.494373793103448700e-01 3.913745939645102823e+01
1.584061379310345297e-01 3.249667787255888385e+01
1.673748965517241893e-01 2.731090774800491516e+01
1.763436551724138490e-01 2.240399082563418887e+01
1.853124137931035087e-01 1.837330824186560463e+01
1.942811724137931684e-01 1.518917053186867605e+01
2.032499310344828281e-01 1.223671367087517758e+01
2.122186896551724877e-01 9.833056690957111101e+00
2.211874482758621474e-01 7.825917790979266542e+00
2.301562068965517793e-01 6.133520541313447261e+00
2.391249655172414390e-01 4.770414056694727734e+00
2.480937241379310987e-01 3.672315326549999259e+00
2.570624827586207584e-01 2.823423350173673629e+00
2.660312413793103903e-01 2.147124228216707120e+00
2.750000000000000777e-01 1.648778731078117232e+00
