1.490600000000000085e-02 2.042914062200377856e+01
2.990924137931034663e-02 3.280896795723251813e+01
4.491248275862069067e-02 4.598893800815249477e+01
5.991572413793103818e-02 5.889007260419670331e+01
7.491896551724137876e-02 7.468946814402374912e+01
8.992220689655172627e-02 8.919516332529146041e+01
1.049254482758620738e-01 9.622062015695577486e+01
1.199286896551724213e-01 9.900446725074750987e+01
1.349319310344827549e-01 9.715416202391436684e+01
1.499351724137931163e-01 9.298553044913641941e+01
1.649384137931034500e-01 8.790834016415261942e+01
1.799416551724138114e-01 8.374832396156331527e+01
1.949448965517241450e-01 7.266850472793416316e+01
2.099481379310345064e-01 5.939934303663287807e+01
2.249513793103448400e-01 4.617597156747737586e+01
2.399546206896552014e-01 3.311779468227558709e+01
2.549578620689655351e-01 2.288488565764434668e+01
2.699611034482758409e-01 1.544229824636980375e+01
2.849643448275862023e-01 1.042251313759519427e+01
2.999675862068965637e-01 6.903821066566513842e+00
3.149708275862068696e-01 4.268719112592696874e+00
3.299740689655172310e-01 2.683622792470553353e+00
3.449773103448275924e-01 1.692787946386135722e+00
3.599805517241379538e-01 1.064738997987395130e+00
3.749837931034482597e-01 6.962648784108067535e-01
3.899870344827586210e-01 4.834895641347935480e-01
4.049902758620689824e-01 3.470513459452561622e-01
4.199935172413792883e-01 2.632764125288213908e-01
4.349967586206896497e-01 2.089965568350396208e-01
4.500000000000000111e-01 1.672597828203083448e-01
