1.490600000000000085e-02 1.510208216180337502e+02
1.611613793103448475e-02 1.414211858452327704e+02
1.732627586206896692e-02 1.333809739607145843e+02
1.853641379310344908e-02 1.265279463631727310e+02
1.974655172413793125e-02 1.224937920055300111e+02
2.095668965517241689e-02 1.172011840843440353e+02
2.216682758620689558e-02 1.120930563183077169e+02
2.337696551724138122e-02 1.085340032944854016e+02
2.458710344827586339e-02 1.043464316634372295e+02
2.579724137931034555e-02 1.008265113829237265e+02
2.700737931034483119e-02 9.741467321004651581e+01
2.821751724137930989e-02 9.425628345560974708e+01
2.942765517241379553e-02 9.148833369290109374e+01
3.063779310344827422e-02 8.906060091097697295e+01
3.184793103448275986e-02 8.685413569430819791e+01
3.305806896551724550e-02 8.479524468968520523e+01
3.426820689655172419e-02 8.256374045366312941e+01
3.547834482758620983e-02 8.100800115493387921e+01
3.668848275862068853e-02 7.893162109758009137e+01
3.789862068965517417e-02 7.704664452429567234e+01
3.910875862068965980e-02 7.561267041598416938e+01
4.031889655172413850e-02 7.391952469810343018e+01
4.152903448275862414e-02 7.226379091758295203e+01
4.273917241379310283e-02 7.074609086169516559e+01
4.394931034482758847e-02 6.930722265307565522e+01
4.515944827586207411e-02 6.767344428665826683e+01
4.636958620689655280e-02 6.626046386826381251e+01
4.757972413793103844e-02 6.506301437200919224e+01
4.878986206896552408e-02 6.384204252115230105e+01
5.000000000000000278e-02 6.231629730775308929e+01
