1.490600000000000085e-02 1.226716730193733582e+02
2.128855172413793295e-02 1.619161861905884052e+02
2.767110344827586679e-02 1.863391331572082379e+02
3.405365517241380063e-02 1.940842532914421383e+02
4.043620689655173100e-02 1.921342873115871157e+02
4.681875862068966831e-02 1.808557864073025030e+02
5.320131034482759869e-02 1.663338274432242088e+02
5.958386206896553600e-02 1.499631086129034543e+02
6.596641379310345943e-02 1.313965280589233089e+02
7.234896551724138980e-02 1.130986093395786156e+02
7.873151724137933405e-02 9.585508480757769689e+01
8.511406896551726442e-02 8.421823770907711548e+01
9.149662068965519479e-02 7.221554593767665153e+01
9.787917241379312516e-02 6.292417944947173680e+01
1.042617241379310694e-01 5.479806471766008968e+01
1.106442758620689998e-01 4.746507823807687032e+01
1.170268275862069302e-01 4.115220060571152771e+01
1.234093793103448605e-01 3.586131145011828636e+01
1.297919310344827770e-01 3.152883149653326456e+01
1.361744827586207351e-01 2.744242729879039899e+01
1.425570344827586655e-01 2.420128852940344188e+01
1.489395862068965959e-01 2.105160692011478574e+01
1.553221379310345263e-01 1.855145910904271389e+01
1.617046896551724566e-01 1.629335646243689339e+01
1.680872413793103870e-01 1.437178374733973918e+01
1.744697931034483174e-01 1.237964071338859107e+01
1.808523448275862477e-01 1.071615070695051486e+01
1.872348965517242059e-01 9.235514122474526744e+00
1.936174482758621362e-01 7.879999311516082017e+00
2.000000000000000666e-01 6.766883277957750131e+00
