1.490600000000000085e-02 7.507955583567228075e+01
1.784027586206896748e-02 7.618948453840829416e+01
2.077455172413793238e-02 7.398905631215738765e+01
2.370882758620689729e-02 7.001493542985987517e+01
2.664310344827586566e-02 6.168342933770267678e+01
2.957737931034483403e-02 5.453697551216436068e+01
3.251165517241379893e-02 4.826435039098311108e+01
3.544593103448276383e-02 4.317441270332896863e+01
3.838020689655172873e-02 3.910026345277722015e+01
4.131448275862069364e-02 3.590757000700738644e+01
4.424875862068966548e-02 3.346616282426115419e+01
4.718303448275863038e-02 3.122460413551977609e+01
5.011731034482759528e-02 2.902357263751237682e+01
5.305158620689656018e-02 2.746753428566561794e+01
5.598586206896553202e-02 2.568088274604621191e+01
5.892013793103449693e-02 2.414434454545571995e+01
6.185441379310346183e-02 2.304426182432588277e+01
6.478868965517242673e-02 2.173561048822244501e+01
6.772296551724138469e-02 2.045669556660138966e+01
7.065724137931035653e-02 1.945351018643734164e+01
7.359151724137932837e-02 1.835597266331846100e+01
7.652579310344828634e-02 1.743124980407187863e+01
7.946006896551725818e-02 1.654213101167853139e+01
8.239434482758623002e-02 1.560961935499265962e+01
8.532862068965518798e-02 1.481533600299557563e+01
8.826289655172415982e-02 1.404495549241847030e+01
9.119717241379311778e-02 1.321877033183521455e+01
9.413144827586208963e-02 1.251989790364221022e+01
9.706572413793106147e-02 1.192967800867763728e+01
1.000000000000000194e-01 1.115621363294635238e+01
