1.490600000000000085e-02 8.596178474335009412e+01
1.870234482758620712e-02 9.078648530366048419e+01
2.249868965517241512e-02 9.244912756148953292e+01
2.629503448275862312e-02 8.895732213430464697e+01
3.009137931034483113e-02 8.291270747368218963e+01
3.388772413793103566e-02 7.384886647263154202e+01
3.768406896551724367e-02 6.492670113207769589e+01
4.148041379310345167e-02 5.707931136571789210e+01
4.527675862068965967e-02 5.024796137098648785e+01
4.907310344827586768e-02 4.479001391339127025e+01
5.286944827586207568e-02 4.080752701121197390e+01
5.666579310344828369e-02 3.728795209957644374e+01
6.046213793103449169e-02 3.433162388500993956e+01
6.425848275862069969e-02 3.154812216762963928e+01
6.805482758620690076e-02 2.898438661876447142e+01
7.185117241379311570e-02 2.710541731530654630e+01
7.564751724137931677e-02 2.513470889851663159e+01
7.944386206896553171e-02 2.320213005864211553e+01
8.324020689655173277e-02 2.182090636635531666e+01
8.703655172413794772e-02 2.017115573222344693e+01
9.083289655172414878e-02 1.878179327536346221e+01
9.462924137931036372e-02 1.729003974351815387e+01
9.842558620689656479e-02 1.608840880837740528e+01
1.022219310344827797e-01 1.484076174076269616e+01
1.060182758620689808e-01 1.384114047133445347e+01
1.098146206896551957e-01 1.288041992181974749e+01
1.136109655172413968e-01 1.199025007166479107e+01
1.174073103448276117e-01 1.121685776348322428e+01
1.212036551724138128e-01 1.046733997949181649e+01
1.250000000000000278e-01 9.746008364307495953e+00
