1.490600000000000085e-02 1.909926571318856503e+01
2.990924137931034663e-02 3.065225137046844495e+01
4.491248275862069067e-02 4.297221635215547764e+01
5.991572413793103818e-02 5.508819024197683945e+01
7.491896551724137876e-02 6.997817768005552352e+01
8.992220689655172627e-02 8.366252537484760410e+01
1.049254482758620738e-01 9.036581209699473050e+01
1.199286896551724213e-01 9.307154969306216685e+01
1.349319310344827549e-01 9.146315735001870451e+01
1.499351724137931163e-01 8.769819841336305899e+01
1.649384137931034500e-01 8.306778264181478733e+01
1.799416551724138114e-01 7.930922104024617170e+01
1.949448965517241450e-01 6.909036675650246195e+01
2.099481379310345064e-01 5.677727554951646738e+01
2.249513793103448400e-01 4.441557010988558574e+01
2.399546206896552014e-01 3.213051740646020704e+01
2.549578620689655351e-01 2.242849626965379883e+01
2.699611034482758409e-01 1.530596608097826916e+01
2.849643448275862023e-01 1.045646031367622086e+01
2.999675862068965637e-01 7.023392344228279072e+00
3.149708275862068696e-01 4.418046643489377701e+00
3.299740689655172310e-01 2.835118006979707950e+00
3.449773103448275924e-01 1.833295740841674348e+00
3.599805517241379538e-01 1.189245496623758447e+00
3.749837931034482597e-01 8.069751372698574787e-01
3.899870344827586210e-01 5.855986945442842595e-01
4.049902758620689824e-01 4.419360960504228331e-01
4.199935172413792883e-01 3.536955194744673681e-01
4.349967586206896497e-01 2.973595214602293146e-01
4.500000000000000111e-01 2.538933309510474912e-01
