1.490600000000000085e-02 3.127080888204361386e+01
2.732303448275862773e-02 5.201943732807965404e+01
3.974006896551725287e-02 6.970841618215928293e+01
5.215710344827587802e-02 8.813598465815138638e+01
6.457413793103450317e-02 1.078858991152139737e+02
7.699117241379312138e-02 1.160706661787638581e+02
8.940820689655175346e-02 1.181507252092058309e+02
1.018252413793103717e-01 1.127875974602053049e+02
1.142422758620690038e-01 1.043240459204709225e+02
1.266593103448276358e-01 9.756468201547090757e+01
1.390763448275862402e-01 8.694129966772679552e+01
1.514933793103448723e-01 7.441608739934399352e+01
1.639104137931035043e-01 6.424555538273673960e+01
1.763274482758621364e-01 5.238990350010569585e+01
1.887444827586207408e-01 4.137950890608555454e+01
2.011615172413793728e-01 3.245729677696267856e+01
2.135785517241380049e-01 2.451024877602545260e+01
2.259955862068966370e-01 1.865879453995859549e+01
2.384126206896552691e-01 1.400578116725340472e+01
2.508296551724138457e-01 1.018520495395771164e+01
2.632466896551725055e-01 7.453793364188103787e+00
2.756637241379311098e-01 5.223536768224835036e+00
2.880807586206897142e-01 3.635164255016073653e+00
3.004977931034483740e-01 2.535716278194636519e+00
3.129148275862069783e-01 1.767382893339264793e+00
3.253318620689655827e-01 1.258222479978226005e+00
3.377488965517242425e-01 8.965975219606077129e-01
3.501659310344828469e-01 6.649075169370561866e-01
3.625829655172414512e-01 5.139220454249402437e-01
3.750000000000001110e-01 4.117547450152503896e-01
