1.490600000000000085e-02 6.921939381786394563e+01
2.215062068965517605e-02 9.910119773747305771e+01
2.939524137931034953e-02 1.224408176196474756e+02
3.663986206896552300e-02 1.316704218383859484e+02
4.388448275862069647e-02 1.319261563260113519e+02
5.112910344827587689e-02 1.253670972233169323e+02
5.837372413793105036e-02 1.179343048040585273e+02
6.561834482758621689e-02 1.054876311572337499e+02
7.286296551724139037e-02 9.309896964327140267e+01
8.010758620689657772e-02 8.090296479533641616e+01
8.735220689655175119e-02 6.857571199668034012e+01
9.459682758620692467e-02 5.870752384745458841e+01
1.018414482758620981e-01 4.967139028794615996e+01
1.090860689655172716e-01 4.251116658776989254e+01
1.163306896551724451e-01 3.577246866825147720e+01
1.235753103448276186e-01 3.095558593019395133e+01
1.308199310344827782e-01 2.627191558800118898e+01
1.380645517241379516e-01 2.284515569414347524e+01
1.453091724137931529e-01 1.957627034623941142e+01
1.525537931034483263e-01 1.713358906851471630e+01
1.597984137931034998e-01 1.472579877583060259e+01
1.670430344827586733e-01 1.273373711412467735e+01
1.742876551724138467e-01 1.099191798027057843e+01
1.815322758620690202e-01 9.402909124135009122e+00
1.887768965517241937e-01 7.995821752493684542e+00
1.960215172413793672e-01 6.853123861559951457e+00
2.032661379310345406e-01 5.744970532720924616e+00
2.105107586206897141e-01 4.791576520962774310e+00
2.177553793103448876e-01 3.994126403904934008e+00
2.250000000000000611e-01 3.258908504552599616e+00
