1.490600000000000085e-02 8.581229319684651102e+01
2.042648275862068985e-02 1.061544209966792920e+02
2.594696551724138406e-02 1.137984160727740033e+02
3.146744827586207133e-02 1.163965709933617632e+02
3.698793103448276554e-02 1.136912751730194913e+02
4.250841379310345280e-02 1.054865096144063443e+02
4.802889655172414701e-02 9.638881781129218496e+01
5.354937931034484122e-02 8.396495589704625218e+01
5.906986206896552849e-02 7.392256363138554320e+01
6.459034482758621576e-02 6.385836967805835940e+01
7.011082758620690303e-02 5.534596128537364734e+01
7.563131034482760418e-02 4.860866994349334647e+01
8.115179310344829144e-02 4.321578185870168909e+01
8.667227586206897871e-02 3.866053262968917892e+01
9.219275862068967986e-02 3.393105642465024374e+01
9.771324137931036713e-02 3.014387586305205602e+01
1.032337241379310544e-01 2.685246736346662999e+01
1.087542068965517417e-01 2.401174724975223640e+01
1.142746896551724289e-01 2.138533135407987373e+01
1.197951724137931301e-01 1.922077459142890632e+01
1.253156551724138035e-01 1.714896623344787585e+01
1.308361379310344907e-01 1.517557920985624520e+01
1.363566206896552058e-01 1.377372933591035675e+01
1.418771034482758930e-01 1.233587393763104956e+01
1.473975862068965803e-01 1.104923880620400212e+01
1.529180689655172676e-01 9.865326775142252202e+00
1.584385517241379548e-01 8.945572122467316589e+00
1.639590344827586421e-01 7.997848019844781220e+00
1.694795172413793571e-01 7.141260692067898930e+00
1.750000000000000444e-01 6.356233187784023464e+00
