1.490600000000000085e-02 5.430335691959574262e+01
2.387475862068965879e-02 8.134497656005078170e+01
3.284351724137931500e-02 1.090925872231475466e+02
4.181227586206897467e-02 1.306015405657834094e+02
5.078103448275863435e-02 1.390671746382043921e+02
5.974979310344829403e-02 1.337008630256154333e+02
6.871855172413794677e-02 1.274840473444973981e+02
7.768731034482760645e-02 1.179069497329176102e+02
8.665606896551726612e-02 1.066806585733989721e+02
9.562482758620692580e-02 9.329889146015661083e+01
1.045935862068965855e-01 7.919150360872856709e+01
1.135623448275862452e-01 6.684879844592252596e+01
1.225311034482758910e-01 5.456584473036583915e+01
1.314998620689655506e-01 4.468585938337449193e+01
1.404686206896552103e-01 3.717576607706861580e+01
1.494373793103448700e-01 3.113615420523150945e+01
1.584061379310345297e-01 2.596940493086163215e+01
1.673748965517241893e-01 2.193583758187570965e+01
1.763436551724138490e-01 1.809743293424892485e+01
1.853124137931035087e-01 1.493366934736252460e+01
1.942811724137931684e-01 1.242794584472595076e+01
2.032499310344828281e-01 1.009381966843721656e+01
2.122186896551724877e-01 8.178070537297855935e+00
2.211874482758621474e-01 6.571062271196628224e+00
2.301562068965517793e-01 5.202236553547288089e+00
2.391249655172414390e-01 4.093186123772863283e+00
2.480937241379310987e-01 3.192690589806852053e+00
2.570624827586207584e-01 2.492402071428752031e+00
2.660312413793103903e-01 1.924088769880976990e+00
2.750000000000000777e-01 1.503357424363714001e+00
