1.490600000000000085e-02 2.581216608817535985e+01
2.818510344827587083e-02 4.525976554862218393e+01
4.146420689655173908e-02 5.998897471906077783e+01
5.474331034482760733e-02 7.650154124329679917e+01
6.802241379310347558e-02 9.468479384974386903e+01
8.130151724137935076e-02 1.068889691451417718e+02
9.458062068965521207e-02 1.106068679219211219e+02
1.078597241379310734e-01 1.065534679315470754e+02
1.211388275862069486e-01 1.019245850065206014e+02
1.344179310344828238e-01 9.378343481743263510e+01
1.476970344827586989e-01 8.627559362331700754e+01
1.609761379310345464e-01 7.722154639282962307e+01
1.742552413793104216e-01 6.534962389089864132e+01
1.875343448275862968e-01 5.377624533822659458e+01
2.008134482758621442e-01 4.203992592061005240e+01
2.140925517241380194e-01 3.190169354494039666e+01
2.273716551724138946e-01 2.409843146762889177e+01
2.406507586206897698e-01 1.770265386270547836e+01
2.539298620689656172e-01 1.269630175638964253e+01
2.672089655172414924e-01 9.080629952428587615e+00
2.804880689655173676e-01 6.260134135206691042e+00
2.937671724137931872e-01 4.274241939829047432e+00
3.070462758620690624e-01 2.899000630766390696e+00
3.203253793103449376e-01 1.968377803547287863e+00
3.336044827586208128e-01 1.351969502064367834e+00
3.468835862068966880e-01 9.573707156784369010e-01
3.601626896551725632e-01 6.823344744838387710e-01
3.734417931034484384e-01 5.235664834817790325e-01
3.867208965517242580e-01 4.131369926933600167e-01
4.000000000000001332e-01 3.415286375014377485e-01
