1.490600000000000085e-02 3.662057717573129167e+01
2.646096551724138463e-02 6.036606670740563629e+01
3.801593103448276667e-02 7.940684150642969996e+01
4.957089655172415565e-02 9.969220000649389135e+01
6.112586206896553770e-02 1.189695437875168409e+02
7.268082758620691974e-02 1.260859203804960487e+02
8.423579310344830873e-02 1.247027159468132709e+02
9.579075862068968383e-02 1.171657659831255529e+02
1.073457241379310728e-01 1.086977456871626373e+02
1.189006896551724618e-01 9.717106649533242546e+01
1.304556551724138369e-01 8.492257382201759697e+01
1.420106206896552259e-01 7.255559069199487965e+01
1.535655862068966149e-01 6.242851650451384415e+01
1.651205517241380039e-01 4.959989466502018018e+01
1.766755172413793651e-01 3.992577278649394401e+01
1.882304827586207541e-01 3.210194286479141823e+01
1.997854482758621431e-01 2.545444797147696292e+01
2.113404137931035320e-01 1.975321139717274832e+01
2.228953793103449210e-01 1.527270707342975697e+01
2.344503448275862822e-01 1.138412258454589221e+01
2.460053103448276712e-01 8.597431954382260599e+00
2.575602758620690325e-01 6.223892318470521268e+00
2.691152413793104214e-01 4.630959929150318288e+00
2.806702068965518104e-01 3.277061807864344978e+00
2.922251724137931994e-01 2.354589763996020046e+00
3.037801379310345884e-01 1.680279463363517412e+00
3.153351034482759774e-01 1.223368706034815512e+00
3.268900689655173109e-01 8.986308964529418075e-01
3.384450344827586998e-01 6.785376992741443125e-01
3.500000000000000888e-01 5.209984166278911477e-01
