1.490600000000000085e-02 2.255827279978299771e+01
2.904717241379310699e-02 3.836161232117469666e+01
4.318834482758621141e-02 5.140615135631116317e+01
5.732951724137931582e-02 6.448170886220448494e+01
7.147068965517242023e-02 8.141867199137840316e+01
8.561186206896552464e-02 9.539946662026723345e+01
9.975303448275862905e-02 1.008044988987879975e+02
1.138942068965517335e-01 1.013174937221349978e+02
1.280353793103448379e-01 9.755999313124701189e+01
1.421765517241379284e-01 9.232518865920225437e+01
1.563177241379310467e-01 8.517827952900373134e+01
1.704588965517241650e-01 7.691197111898253524e+01
1.846000689655172555e-01 6.735247131981662960e+01
1.987412413793103461e-01 5.599841984033605513e+01
2.128824137931034644e-01 4.292828807751340037e+01
2.270235862068965826e-01 3.200942703494927599e+01
2.411647586206896732e-01 2.346441895389716592e+01
2.553059310344827360e-01 1.679890610528604000e+01
2.694471034482758265e-01 1.166025604745191657e+01
2.835882758620689725e-01 7.905247552041647197e+00
2.977294482758620631e-01 5.269015444880159826e+00
3.118706206896551536e-01 3.486320971593172668e+00
3.260117931034482996e-01 2.291508797606714332e+00
3.401529655172413902e-01 1.515653803221199913e+00
3.542941379310344807e-01 1.042597685312124378e+00
3.684353103448275712e-01 7.381995428906292789e-01
3.825764827586206618e-01 5.400045988873419800e-01
3.967176551724138078e-01 4.235040440996086231e-01
4.108588275862068984e-01 3.505095955772464245e-01
4.249999999999999889e-01 2.927738997208499394e-01
