1.490600000000000085e-02 8.922800222138448589e+01
1.956441379310345022e-02 9.989412476706162636e+01
2.422282758620689785e-02 1.048393925772119957e+02
2.888124137931034896e-02 1.050871642852079901e+02
3.353965517241380007e-02 9.863811009804348373e+01
3.819806896551725117e-02 9.112204723181335453e+01
4.285648275862069534e-02 8.197492308056031618e+01
4.751489655172414645e-02 7.104306968751626528e+01
5.217331034482759755e-02 6.156541755374689728e+01
5.683172413793104866e-02 5.408632920173941017e+01
6.149013793103449976e-02 4.807679179998739016e+01
6.614855172413794393e-02 4.303575565419208004e+01
7.080696551724138810e-02 3.910196658937676517e+01
7.546537931034484614e-02 3.525773865418402409e+01
8.012379310344829031e-02 3.192106819347972646e+01
8.478220689655174835e-02 2.919742187255645050e+01
8.944062068965519252e-02 2.639813526856121939e+01
9.409903448275863669e-02 2.409812248105061983e+01
9.875744827586209473e-02 2.191513376081568154e+01
1.034158620689655389e-01 2.007897745006032508e+01
1.080742758620689969e-01 1.806668171539737244e+01
1.127326896551724411e-01 1.654428709852862411e+01
1.173911034482758853e-01 1.498130688958798551e+01
1.220495172413793433e-01 1.380352898455269717e+01
1.267079310344827736e-01 1.258189799123070607e+01
1.313663448275862178e-01 1.152790522854280297e+01
1.360247586206896897e-01 1.045127219776901839e+01
1.406831724137931339e-01 9.592404580425363037e+00
1.453415862068965780e-01 8.832253322101836446e+00
1.500000000000000222e-01 8.031416364089045246e+00
