1.490600000000000085e-02 4.090917768393136811e+01
2.559889655172414152e-02 6.626679861999944876e+01
3.629179310344828047e-02 8.978383662510651675e+01
4.698468965517242635e-02 1.128584084604814564e+02
5.767758620689656529e-02 1.293662790430207679e+02
6.837048275862070423e-02 1.327515234557881172e+02
7.906337931034485011e-02 1.285921543200843189e+02
8.975627586206898212e-02 1.208350247306124601e+02
1.004491724137931280e-01 1.101525551255012942e+02
1.111420689655172739e-01 9.744142277558306375e+01
1.218349655172414059e-01 8.536653730564407283e+01
1.325278620689655518e-01 7.169590125881987319e+01
1.432207586206896976e-01 5.922895218432839215e+01
1.539136551724138435e-01 4.886997689963261848e+01
1.646065517241379617e-01 3.960396893688102438e+01
1.752994482758621075e-01 3.157820641105176662e+01
1.859923448275862534e-01 2.554011532537675322e+01
1.966852413793103993e-01 2.053818728002974936e+01
2.073781379310345452e-01 1.642383250024334984e+01
2.180710344827586633e-01 1.271216227994969117e+01
2.287639310344828092e-01 9.894647691957898061e+00
2.394568275862069551e-01 7.597288848826219798e+00
2.501497241379310732e-01 5.688952197045886727e+00
2.608426206896552468e-01 4.212239553063306552e+00
2.715355172413793650e-01 3.115476503960024957e+00
2.822284137931034831e-01 2.289559260121189599e+00
2.929213103448276567e-01 1.682128485883161551e+00
3.036142068965517749e-01 1.249606203750100342e+00
3.143071034482758930e-01 9.318252188410742765e-01
3.250000000000000666e-01 7.068638478649349466e-01
