1.490600000000000085e-02 2.916895780590520104e+01
1.611613793103448475e-02 2.725619598219494577e+01
1.732627586206896692e-02 2.566637501858246750e+01
1.853641379310344908e-02 2.431336585584478271e+01
1.974655172413793125e-02 2.350320435606667502e+01
2.095668965517241689e-02 2.245803402451925734e+01
2.216682758620689558e-02 2.145575491963586856e+01
2.337696551724138122e-02 2.075205713008139341e+01
2.458710344827586339e-02 1.993029592310604059e+01
2.579724137931034555e-02 1.923664600543541781e+01
2.700737931034483119e-02 1.856717080598231107e+01
2.821751724137930989e-02 1.795229381382268130e+01
2.942765517241379553e-02 1.741037237789923964e+01
3.063779310344827422e-02 1.693520020334567988e+01
3.184793103448275986e-02 1.650016194724049612e+01
3.305806896551724550e-02 1.609604629217765392e+01
3.426820689655172419e-02 1.566082084138466257e+01
3.547834482758620983e-02 1.535050836971584332e+01
3.668848275862068853e-02 1.495243030034586162e+01
3.789862068965517417e-02 1.458142699681173760e+01
3.910875862068965980e-02 1.429926551999819750e+01
4.031889655172413850e-02 1.397309423695209496e+01
4.152903448275862414e-02 1.364169579817236055e+01
4.273917241379310283e-02 1.334884680518010214e+01
4.394931034482758847e-02 1.306765025761063903e+01
4.515944827586207411e-02 1.275197814176753575e+01
4.636958620689655280e-02 1.247384294658527359e+01
4.757972413793103844e-02 1.223964585712476705e+01
4.878986206896552408e-02 1.200245472217087617e+01
5.000000000000000278e-02 1.170423479981320369e+01
