1.490600000000000085e-02 6.184757541168776385e+01
2.301268965517241569e-02 9.077078529606129109e+01
3.111937931034482879e-02 1.174228208781157292e+02
3.922606896551724537e-02 1.339386933247953948e+02
4.733275862068966194e-02 1.363349592232254963e+02
5.543944827586207852e-02 1.314195681679388485e+02
6.354613793103448816e-02 1.231026163098933210e+02
7.165282758620690473e-02 1.130306092887603739e+02
7.975951724137932131e-02 9.988572131139233079e+01
8.786620689655173788e-02 8.847957207474740926e+01
9.597289655172415446e-02 7.453563739578925151e+01
1.040795862068965710e-01 6.256982781799531779e+01
1.121862758620689737e-01 5.229865174592243449e+01
1.202929655172413903e-01 4.370642395942798686e+01
1.283996551724138069e-01 3.676585024611667052e+01
1.365063448275862235e-01 3.062779650530349684e+01
1.446130344827586400e-01 2.629736940971015358e+01
1.527197241379310566e-01 2.202935818757368480e+01
1.608264137931034732e-01 1.896547886258199966e+01
1.689331034482758898e-01 1.610770411151943904e+01
1.770397931034483063e-01 1.374559148177899282e+01
1.851464827586207229e-01 1.146302181495933858e+01
1.932531724137931395e-01 9.693989913726278829e+00
2.013598620689655561e-01 7.892425806458031268e+00
2.094665517241379449e-01 6.588798012297987228e+00
2.175732413793103615e-01 5.384690549538059479e+00
2.256799310344827780e-01 4.384831909319228060e+00
2.337866206896551946e-01 3.489080749962261585e+00
2.418933103448276112e-01 2.783171740257048388e+00
2.500000000000000555e-01 2.233911184735374533e+00
