1.490600000000000085e-02 7.882904219929108081e+01
2.128855172413793295e-02 1.043243458166268027e+02
2.767110344827586679e-02 1.202308613179703087e+02
3.405365517241380063e-02 1.252894573436966539e+02
4.043620689655173100e-02 1.239860499527156605e+02
4.681875862068966831e-02 1.166448147691135091e+02
5.320131034482759869e-02 1.072031015973476542e+02
5.958386206896553600e-02 9.656430755719691206e+01
6.596641379310345943e-02 8.454324367018769237e+01
7.234896551724138980e-02 7.272861207807689254e+01
7.873151724137933405e-02 6.165647970197268535e+01
8.511406896551726442e-02 5.418195263988395283e+01
9.149662068965519479e-02 4.650829936494407235e+01
9.787917241379312516e-02 4.057430068797732048e+01
1.042617241379310694e-01 3.540189777659542614e+01
1.106442758620689998e-01 3.072825298103742497e+01
1.170268275862069302e-01 2.670815410162775194e+01
1.234093793103448605e-01 2.334569607139356506e+01
1.297919310344827770e-01 2.059181708519808041e+01
1.361744827586207351e-01 1.800039620674477803e+01
1.425570344827586655e-01 1.593598370784701679e+01
1.489395862068965959e-01 1.392471827614552460e+01
1.553221379310345263e-01 1.232890532704584885e+01
1.617046896551724566e-01 1.087315588914535702e+01
1.680872413793103870e-01 9.638055545519426559e+00
1.744697931034483174e-01 8.347288134971716289e+00
1.808523448275862477e-01 7.268483437664013280e+00
1.872348965517242059e-01 6.295387058844664097e+00
1.936174482758621362e-01 5.414551208121435977e+00
2.000000000000000666e-01 4.675605780228445418e+00
