1.490600000000000085e-02 5.698131311695035350e+01
1.697820689655172438e-02 5.379746301540933473e+01
1.905041379310344965e-02 4.922994863964250811e+01
2.112262068965517492e-02 4.442219118114827836e+01
2.319482758620689672e-02 4.000695771124261313e+01
2.526703448275862546e-02 3.616217454048227609e+01
2.733924137931034726e-02 3.343420353212208340e+01
2.941144827586206906e-02 3.124573773045819891e+01
3.148365517241379780e-02 2.904148581385891603e+01
3.355586206896551960e-02 2.749794846171209173e+01
3.562806896551724833e-02 2.607964112500737741e+01
3.770027586206897013e-02 2.481450026100643669e+01
3.977248275862069193e-02 2.369374512256744580e+01
4.184468965517242067e-02 2.254881650405518911e+01
4.391689655172414247e-02 2.160285995891060651e+01
4.598910344827586427e-02 2.080673860607572578e+01
4.806131034482759301e-02 1.995293050827816472e+01
5.013351724137931481e-02 1.907667791269255630e+01
5.220572413793104355e-02 1.840809970121127037e+01
5.427793103448276535e-02 1.765412880203691159e+01
5.635013793103449409e-02 1.698622644100538182e+01
5.842234482758621589e-02 1.633722773974236020e+01
6.049455172413793769e-02 1.575367300129157577e+01
6.256675862068966643e-02 1.509111732484209689e+01
6.463896551724138129e-02 1.456761594297721629e+01
6.671117241379311003e-02 1.397963494909078896e+01
6.878337931034483876e-02 1.347902340411797439e+01
7.085558620689655362e-02 1.301975643688168738e+01
7.292779310344828236e-02 1.255395528286543083e+01
7.500000000000001110e-02 1.210839876267378123e+01
