1.490600000000000085e-02 4.761232145389917036e+01
2.473682758620690189e-02 7.379032490785780851e+01
3.456765517241380120e-02 9.887965569403068855e+01
4.439848275862070398e-02 1.220115256342777741e+02
5.422931034482760676e-02 1.357782731573719843e+02
6.406013793103450260e-02 1.350782707931354025e+02
7.389096551724140538e-02 1.301908198998402781e+02
8.372179310344830816e-02 1.204835964432278814e+02
9.355262068965521094e-02 1.084732214662200533e+02
1.033834482758621137e-01 9.614948097073282440e+01
1.132142758620690165e-01 8.265873925407879597e+01
1.230451034482759193e-01 6.932771503943267533e+01
1.328759310344828082e-01 5.697469717801995159e+01
1.427067586206897110e-01 4.684721542166489883e+01
1.525375862068966137e-01 3.853653846390708537e+01
1.623684137931035165e-01 3.170557034878135028e+01
1.721992413793104193e-01 2.596545230848557750e+01
1.820300689655173221e-01 2.093585169650352640e+01
1.918608965517242249e-01 1.731152064133000934e+01
2.016917241379311276e-01 1.408046118669376234e+01
2.115225517241380304e-01 1.113565519228543543e+01
2.213533793103449332e-01 8.868118933595106057e+00
2.311842068965518360e-01 6.833642167532082645e+00
2.410150344827587388e-01 5.381709008597837851e+00
2.508458620689655860e-01 4.057042075683948035e+00
2.606766896551724888e-01 3.106774352580082610e+00
2.705075172413793916e-01 2.329590724808957347e+00
2.803383448275862944e-01 1.753113424331603998e+00
2.901691724137931971e-01 1.321080643764703355e+00
3.000000000000000999e-01 1.019846921726111022e+00
